295
1808
1420
84
9038
9968
702
169870
138
9967
2348
691
1552
461
39345
11776
9922
80
3553280
3662
2269
8937
1122
5944
9697
356
354
1420
6656
232
348
596
6084
33002
236
10071
9934
8438
16322
3670
2686
148
238
632
8441856
892
727
1730
2874
1475160
873
204800
28544
1083
608
9900
402
26482
2252
2100584
217088
261
49
156575
21400
45720
215
1388
478
4096
144896
772
278
14972
8225
235
16785
1878
1015
2590
2685
558344
15366
10538
644792
74686
530
28048
81920
283
257
452
164
461
9839
1449
2420
246
9969
32