66776
655
5206
669
397
13027
823
8
15498
31147
17917
131072
3
21728
1538
7642
5921
117
92235
7715
2240
9581
9604
223
23440
5142
398
2822
2323035
9229
28684
277
13122
7449
220
1605
220
4012
28672
2405
267
7036
566
548
1295
954
13024
109456
5101
221
376
517
6261
9441
43700
7459
284
33046
55
10247
9122
8903
8256
96015
8646
8
9198
3965
423
6387
768
1959
19488
167936
1407991
775
5169
1642
131072
257514
2671
329
2137
322
67805739
2145
2321
1071
4685
6745
1301
16626
5816
902
1663
167
52877
5556
487
56
