8858
224
9906
2597
1750
185
80
6700
1071
10359
271
8881
16248
999
152
50
1524
42287
3561
12774
10671
10462
55776
876872
678
38821
3198
9765
59948
10075
2267
51668
32
90374
48664
254
53
3999
704
54
1299
5841264
1215
5229
24
607
1158
198984
2010
52
311
6648
19
494
72328
165
1279
789
112332
17636
23381
524
41274
1101
55688
2525
505971
2197
1743
220502
8430
15554
1012
275
1058
129
255352
66
387280
1462
1256
149904
1354
1602
551
328
20946
1442
7640
614
51
2246486
2018
607
30484
1541
77417
1182
2638
9931