7140
103969
320
1528
8074
1109
120
1579
1085
1109
4407
1859
980
1639
949
6388
20548
16512
16871
18439
12909
21953
3364
1564
1854
8874
26454
19856
100312
2172
3862
0
30464
42003
11275
168
1288
1048704
1739
19730284
6120
316
1755476
638
420
234
452
123263
242152
597767
15687
37
4
934608
8
505791
2422
1500
207
5200
2414
28622
73464
20132
22781
105044
0
8774
1193
1456
1129
1198
9070
12776
1581
14795
115
1055
99245
10030
1197
176010
1670
1215
56
485
926
50
52
25310
2547
667
653
3584
8774
301
408
362
3739
0