1057
8
105144
9927
2982
50
2139
860
69632
2301
1878
7097
15469
1011
1536
1071
83336
1048576
6478
11364
282
28192
890
11521
161
13864
650
1278
7168
1487
11463
4096
210
782
2061
4704
774
31401
12399
9378
939
3321
796645
11240
1913
524332
16831
8192
4096
3990
588
12714
60928
2480
166
181
4387
362607
4422
785
471
1026
329836
1010
171221
1682
4070
3510
9574
1732
1064
1192
2274
24328
883
3031
2562
601102
483
461
7611
5050
700
1212
2456
82641
43008
7775
176
11030
4032
178248
1007
6442
1145
434
48525
1364
8
12250
