1197
1633936
6877
269
14720
19208
1917
10290
6907
3720
22950
28218
120
709496
8815
18766173
216
1654
7956
22280
9216
0
0
1765
89952
582536
78216
0
57864
33328
29448
24952
37752
2097452
0
48184
101752
282
4287
3285
1095
1113
1451
80072
9812
1304091
31399
878
2100
1247
9770
451
1477
821
436704
116
356
76
3599
2046
4921
184209
4852
8176
40540
830
2262
6441
2230
582
1449
17408
15635
5455
864
2266
116
10519
4430
209
149
22000
3820
28953431
2388
4143
24240
4291
163
4032
2622
236
84289
51004
47246
24706
33611
60616
18822
33964