5212
7218
319584
1989
310784
94
41
137908
1035
94208
962
4785
1055
1615
18092
17408
105472
5887
17
97020
2246
1316
595059
8192
6837
7748
5136
2147
1058
28443
1586
1338
21696
26423
7412
15736
184987
1155072
1188
630
61
23211
37701
2830
62464
3072
87485
78
101149
160754
1139
1513
11383
3753
12996
29088
2647
1691
308916
25658
6208
11512
35151
46472
4332
225592
10530
689
374
3796
304376
2778
6778
5504000
1239
1520
1110
1448
4195
12
795
195
22264
5852
7930
21504
250
2228
1532
4998
5918
116796
9323
297
1794
389
10575
772
3913
967
