33977
30672
196985
5683
177
53761
3614
416
41316
6292
35442
5637
208458
45624
6863
11214848
6386
8713
7275
20949
536752
40256
17416
1824
1932
122434
6621
13483
130801
3248
9065
144968
5018
39764
10630
529
2840
5856
1704
607
1205
25405
1773
824
233
203259
33689
97175
6449
5664
147
134
18284
6413
3480
12483
1842
234
6194
31578
108
921
35496
233
122
184
271
210
19602
2148
11843
8288
36420
1492
4625
1040
290
6082
59834
121
28693
134137
60700
376
480
268
214
5458
103100
19474
50606
274669
1703
219
855
170216
99067
333602
9052
19550
