109282
55149
817
1977
271259
12276
1890
3118
1977
55149
1034
42242
18776
28023
182
164552
386
141487
1607
25094
3118
17188
152027
23898
6483
120020
1036
66836
24287
21927
92927
101581
42242
26686
262219
127312
17547
1607
77093
67470
278
16358
4774646
817
271259
27467
2956
238
9777181
1034
164552
3118
141487
109282
1977
17188
287
152027
6554
10503
446
58445
10471
6483
5093
86062
793173
148
8534
102184
710
2391
4950
3389
13184
4551
871
4015
5310
4831
3118
840
1607
109282
182
20180
1607
31
101581
22121
242
1036
413
8955
38655
607
61200
18
690610
12888
