112
40
8192
16777216
86
88
120
90
122
110
189
15590
158
7
152
168
129
87675
161
1958608
31408
1834616
1501632
6723248
670928
296112
586928
107696
428904
3477712
242864
489704
143080
2213096
5281000
1793672
328912
169648
665776
304336
248016
74472
76008
25832
67304
6371944
363112
1029864
3002576
355560
837352
2089192
387816
235240
1080552
569576
206056
1905896
661168
1978032
933096
1018088
731768
96376
7414504
4194304
4
1048576
0
106
12
344957
119244
94317
66
198
1765
306
355
2356
234
590
672
584
1294
72
219
221
87
83
247
384
530
177
471
1686
338
599
459
296