119077
5650788
1744
7126
29054
3863
574
334728
3629
30090
10391
13403
514128
87259
33268
1106
99712
5794
363520
1645
8111235
33846
44
9395
36549
283
30606
25727
44897443
21232
14760562
12674640
116
86096
5964257
516
1590
482
15010
15217
283
1359
74460
11652
2560
44
202282
2729
2359296
4528
1901
19032
33562
1647
49
102912
11391859
8322
1577782
547416
662
1527256
92752
2186616
6684
332017
16959
13631
44
804
6675
116
16537
23173
114317
90623
138832
7551564
44
1274
39355
1
45461
3367
28365
26183
2987
715
87207
8837184
15675
2552
1188598
508416
12479
13759
1854312
44
1849
224280