11
1417216
244320
1900978176
7762
261
1509688
16384
2346
13942
18984
1897
938306
680306592
11744
68
964
1685204
4
7861683
18011
12598
65
38402
654
41218
1989
6854144
365167104
4203
17734
3317
7862272
453
476712
3105280
128
5352
3134
86524
113067
1762467
16777216
3204268032
8127771
12256
27174472
15660700
8192
17184052
230912
471665
501992
968
9220
780831
14
92688
169482
33554432
699734112
258
7790896
122588
97294
70332
8304
764
90443
100128464
2450173
938306
262144
5786
19310
6722512
2741698560
14716
213718
4153
19014
90112
9026
343392
1509948
83815
15035621
26246026
777835
43100
964
8684
207159296
17734
24053488
17338368
9557200
37730
67108864
586