8192
7516192768
3363737600
3363737600
37888
3363737600
112
8192
8192
8192
8192
7516192768
112
37888
8192
3363737600
7516192768
3363737600
7516192768
37888
37888
16777216
16777216
3363737600
37888
7516192768
37888
37888
112
3363737600
37888
8192
16777216
16777216
37888
8192
3363737600
16777216
112
8192
3363737600
7516192768
3363737600
112
16777216
16777216
37888
3363737600
16777216
7516192768
37888
7516192768
7516192768
7516192768
37888
16777216
3363737600
112
8192
8192
37888
112
112
8192
37888
7516192768
37888
112
3363737600
37888
3363737600
16777216
8192
112
7516192768
37888
37888
16777216
16777216
16777216
112
37888
37888
7516192768
7516192768
16777216
3363737600
16777216
8192
16777216
8192
112
7516192768
112
3363737600
8192
37888
112
16777216
37888