112842539
142610847
89561705
58561482
112041212
159355106
214456116
180104363
31746549
52209753
135560228
146378565
53306654
59610462
65781719
127804795
122596024
58705009
60281188
78870467
186456993
75341428
176257793
63261487
206806716
107101503
57730895
178050226
133268479
147612296
3002039
203895846
114253612
47430268
110265132
8372613
762058
191874630
33525489
80457798
38568771
22066200
35911129
148969968
52269494
113066045
99879009
193911297
72225497
149904969
212742516
170625564
97996533
48833980
200642217
218387352
88632174
173227390
44817948
82883762
118476588
213897214
29502664
61827524
192770190
41510462
153279549
144473363
11340126
41267364
195004579
140645912
117872884
92661160
138663661
50712697
49559828
192214985
47721989
60620722
81818620
201225400
201328732
220394120
47284235
205999071
84954854
43325337
140227935
162310847
204905483
51834609
201842665
179884254
167694964
34079460
60593666
196760426
88695538
69877218